  -8.4777010e+00
  -7.1212862e+00
  -1.0324088e+01
  -7.1355285e+00
  -5.3346507e+00
  -5.4932202e+00
  -7.5344319e+00
  -4.7990201e+00
  -5.1903090e+00
  -6.8612763e+00
   1.5834788e-01
   5.5389367e-01
  -1.1643958e+00
   4.4635723e-01
   9.4500431e-01
  -1.2327660e-01
  -2.9212668e-02
   5.4364974e-02
  -9.4245994e-02
   7.6526046e-01
  -9.9174733e-02
   7.8370144e-02
   1.1436088e-02
   7.0756091e-02
   7.2027744e-01
   6.1637994e-03
   1.4013886e-02
   1.0193812e-01
  -4.5639184e-02
   6.0863978e-01
   7.3907917e-02
  -3.6612226e-02
   2.0276374e-04
  -2.1459579e-02
   1.1080417e-01
   3.6393238e-02
  -3.9492751e-02
   4.7744885e-01
  -2.0041094e-01
   3.3785387e-01
