  -5.4330215e+00
  -7.6583654e+00
  -7.9142105e+00
  -7.6978257e+00
  -5.9676158e+00
  -5.5550230e+00
  -5.5454135e+00
  -4.5602817e+00
  -5.5768652e+00
  -3.9286876e+00
   2.1012295e+00
   1.1928505e+00
  -6.9075607e-01
  -1.6632731e+00
   5.7974673e-01
  -1.0598877e-01
  -3.3457800e-03
   2.1878192e-01
  -4.0392230e-01
   8.0625870e-01
   6.8626787e-02
   2.0050577e-01
   6.2504367e-03
   1.1420977e-01
   8.1053970e-01
   3.5418727e-02
   1.7667784e+00
   3.3551874e-01
   9.3104343e-02
   3.9951555e-02
   1.9717665e-01
  -7.8527200e-02
  -7.3582796e-02
   2.5051263e-02
   4.4200184e-01
  -1.9182522e-01
   1.0467970e-01
   1.8748336e-01
  -6.4398368e-02
   3.6464605e-02
