  -9.6488473e+00
  -7.3421793e+00
  -9.1409207e+00
  -7.2729360e+00
  -6.1095312e+00
  -5.9228401e+00
  -5.9959972e+00
  -4.7763576e+00
  -5.2278928e+00
  -5.2851287e+00
   5.7451742e+00
   2.1709859e+00
  -3.7782530e+00
  -3.1351751e+00
  -1.5159534e+00
   5.4813914e-01
  -1.0525882e-01
   1.7577998e-01
   1.4094264e-01
  -7.7760950e-02
  -5.2866705e-01
   7.5699218e-01
   2.3269169e-01
   9.6436996e-02
  -6.2360369e-02
   3.3926762e-01
   1.0689654e-01
   6.5828381e-01
   3.0113217e-02
   2.2234758e-01
   6.9518684e-01
   6.7052106e-02
  -1.6271481e-01
   6.4565932e-01
   3.1278445e-01
   8.5435744e-02
  -7.8471128e-02
   1.1138535e-01
  -1.5170103e-01
   7.7759986e-01
   1.7414332e-01
  -1.2284645e-01
  -1.2593771e-01
   5.8716385e-02
  -1.4560925e-01
   3.0798628e-01
  -1.4808316e-02
   2.0855791e-01
  -8.8987379e-02
   1.7471129e-01
  -1.4195212e-01
   1.6289527e-01
   3.1563604e-01
  -2.6004633e-01
   4.2210904e-01
