  -5.5809769e+00
  -7.7662948e+00
  -7.6688473e+00
  -7.7724273e+00
  -6.3814198e+00
  -5.8185413e+00
  -5.1515455e+00
  -4.0909893e+00
  -8.3346723e+00
  -2.9898809e+00
  -3.2599262e-01
  -7.2852590e+00
   1.8956499e+00
   5.3252532e-01
   7.0370434e-03
   3.0970858e+00
   1.0825905e+00
   8.7846627e-01
  -1.4508033e-02
  -1.0337583e-02
   4.7122644e-02
   1.6264550e-01
   9.4143425e-01
   1.5305613e-03
  -6.4192687e-03
  -8.1417234e-02
   6.8309053e-01
  -1.1558280e-02
  -1.4739963e-02
   8.8425638e-01
   9.7846785e-01
   3.6088513e-01
  -3.0734451e-01
  -2.0694380e-01
   2.3189671e-01
   9.7485198e-03
   3.0334802e-01
   1.9938686e-01
  -9.2887131e-02
   4.8514212e-03
   5.9260657e-01
   8.2972249e-02
   4.6161063e-04
   2.6148287e+00
   5.7797965e-02
   1.3681644e-01
