  -4.5301185e-01
  -2.9930283e+00
  -9.0892061e+00
   9.2219816e-02
   3.4827535e-02
   5.1147467e-01
   8.4623796e-01
  -3.1197164e-01
   1.4589814e-01
   1.7344783e-02
   9.1351239e-01
   4.9350691e-02
   2.2159829e-01
  -2.4583802e-01
  -5.7532416e-02
   1.2171361e+00
   1.6259728e-01
  -3.3815225e+00
   2.8419636e+00
   7.3069055e-01
   1.3035111e-02
   1.9220791e-03
   9.6709322e-01
   1.0647653e-01
   3.7192768e-04
  -4.9032469e-02
   4.4252223e-02
   9.4084706e-02
   6.3985485e-01
  -1.4508315e-02
   1.4493680e-01
  -1.2860918e-01
  -4.5747918e-01
   1.6704579e-01
   1.0186473e+00
   3.3358892e-02
   6.6503274e-03
   3.4883030e-04
   3.9494651e-03
   1.4549196e-02
   1.2389704e-02
   8.8055536e-03
   4.0540256e-02
   9.1577438e-01
   4.3219116e-02
   3.0287461e+00
   3.7173852e+00
  -3.7236952e+00
   1.2573811e-01
