  -4.5261303e-01
  -2.9932197e+00
  -9.0891508e+00
   9.2219816e-02
   3.4827535e-02
   5.1147467e-01
   8.4623796e-01
  -3.1197164e-01
   1.4589814e-01
   1.7344783e-02
   9.0809712e-01
   4.8294548e-02
   3.8312401e-01
  -3.8903099e-01
  -4.4879299e-02
   7.8710439e-01
   4.5655801e-01
  -3.5258853e+00
   2.5681685e+00
   2.7696213e-01
  -3.9848443e-02
   3.4249585e-02
   1.1734602e+00
  -5.6646194e-02
  -1.8701135e-02
  -2.5109070e-02
   2.8691453e-02
   1.2350575e-01
   6.3970190e-01
   4.7327790e-03
   7.1456588e-02
  -7.5158855e-02
  -3.7862566e-01
   7.6864174e-03
   9.6950515e-01
   2.7504017e-02
   6.2195343e-03
   3.7776886e-04
   3.4599994e-03
   1.1821975e-02
   8.9313789e-03
   8.7869734e-03
   4.7542697e-02
   9.5124915e-01
   4.8474971e-02
   3.0764445e+00
   4.3476582e+00
  -4.3068636e+00
   1.4526823e-01
